English text: HALF FINISH STOOL INJURY CLERK BEARD BUNDLE SOIL STREAM FROWN CRUTCH FAULT ACHIEVEMENT FRAGRANT BRIDGE STRENGTH COMBINATION GOLF SPEED SMALL PLEDGE COOPERATION HILL MANAGEMENT CULTURE SLEEVE CONCERT CIRCLE RUMOR AUTOMATIC SMOOTH FAREWELL FUNCTION EXPERIMENT TROPICAL DESPISE MONARCH HEAVEN PUSH PARTICIPATE PATIENCE SKIP TIMETABLE GRAZE BRUSH HANDY SICK LINGER DIFFICULT FILM QUESTION
Word count: 51
Number of letters: 322
Text in indices: [8, 24, 20, 0, 0, 10, 9, 10, 15, 8, 15, 16, 3, 3, 20, 10, 9, 11, 1, 4, 26, 5, 20, 18, 4, 5, 17, 28, 4, 23, 17, 1, 9, 23, 20, 18, 15, 3, 10, 20, 15, 16, 4, 28, 19, 0, 4, 3, 7, 9, 5, 4, 1, 16, 5, 8, 0, 24, 1, 20, 16, 24, 5, 8, 10, 18, 1, 18, 19, 18, 9, 16, 0, 4, 24, 6, 4, 24, 9, 16, 17, 4, 10, 23, 6, 18, 15, 16, 4, 18, 21, 2, 5, 3, 19, 17, 10, 9, 24, 16, 27, 9, 6, 3, 20, 0, 15, 13, 18, 18, 23, 15, 19, 24, 20, 20, 13, 20, 18, 23, 6, 18, 5, 3, 3, 13, 18, 4, 24, 16, 27, 9, 8, 10, 20, 20, 19, 24, 9, 24, 6, 18, 19, 18, 9, 16, 5, 1, 20, 16, 1, 4, 18, 15, 20, 18, 18, 1, 18, 5, 3, 9, 5, 18, 4, 16, 5, 10, 4, 5, 20, 18, 4, 1, 19, 3, 4, 24, 1, 16, 3, 19, 24, 16, 10, 5, 15, 19, 3, 3, 2, 0, 24, 4, 18, 7, 18, 20, 20, 0, 1, 9, 5, 16, 27, 9, 18, 14, 13, 18, 4, 10, 19, 18, 9, 16, 16, 4, 3, 13, 10, 5, 24, 20, 23, 18, 15, 13, 10, 15, 18, 19, 3, 9, 24, 4, 5, 8, 8, 28, 1, 18, 9, 13, 1, 15, 8, 13, 24, 4, 16, 10, 5, 10, 13, 24, 16, 18, 13, 24, 16, 10, 18, 9, 5, 18, 15, 5, 10, 13, 16, 10, 19, 18, 16, 24, 17, 20, 18, 6, 4, 24, 15, 18, 17, 4, 1, 15, 8, 8, 24, 9, 23, 26, 15, 10, 5, 5, 20, 21, 18, 4, 23, 10, 0, 0, 10, 5, 1, 20, 16, 0, 10, 20, 19, 5, 7, 18, 15, 16, 27, 9]
Text in gematria english: HALF FINISH STOOL INJURY CLERC BEARD BUNDLE SOIL STREAM FROWN CRUTCH FAULT ACHIEUEMENT FRAGRANT BRIDGE STREINGTH COMBINATIAN GOLF SPEED SMALL PLEDGE COOPERATIAN HILL MANAGEMENT CULTURE SLEEUE CONCERT CIRCLE RUMOR AUTOMATIC SMOOTH FAREWELL FUNCTIAN EXPERIMENT TROPICAL DESPISE MONARCH HEAUEN PUSH PARTICIPATE PATIENCE SCIP TIMETABLE GRASE BRUSH HANDY SICC LINGER DIFFICULT FILM CWESTIAN
Text in runes: ᚻᚪᛚᚠ ᚠᛁᚾᛁᛋᚻ ᛋᛏᚩᚩᛚ ᛁᚾᛄᚢᚱᚣ ᚳᛚᛖᚱᚳ ᛒᛠᚱᛞ ᛒᚢᚾᛞᛚᛖ ᛋᚩᛁᛚ ᛋᛏᚱᛠᛗ ᚠᚱᚩᚹᚾ ᚳᚱᚢᛏᚳᚻ ᚠᚪᚢᛚᛏ ᚪᚳᚻᛁᛖᚢᛖᛗᛖᚾᛏ ᚠᚱᚪᚷᚱᚪᚾᛏ ᛒᚱᛁᛞᚷᛖ ᛋᛏᚱᛖᛝᚦ ᚳᚩᛗᛒᛁᚾᚪᛏᛡᚾ ᚷᚩᛚᚠ ᛋᛈᛖᛖᛞ ᛋᛗᚪᛚᛚ ᛈᛚᛖᛞᚷᛖ ᚳᚩᚩᛈᛖᚱᚪᛏᛡᚾ ᚻᛁᛚᛚ ᛗᚪᚾᚪᚷᛖᛗᛖᚾᛏ ᚳᚢᛚᛏᚢᚱᛖ ᛋᛚᛖᛖᚢᛖ ᚳᚩᚾᚳᛖᚱᛏ ᚳᛁᚱᚳᛚᛖ ᚱᚢᛗᚩᚱ ᚪᚢᛏᚩᛗᚪᛏᛁᚳ ᛋᛗᚩᚩᚦ ᚠᚪᚱᛖᚹᛖᛚᛚ ᚠᚢᚾᚳᛏᛡᚾ ᛖᛉᛈᛖᚱᛁᛗᛖᚾᛏ ᛏᚱᚩᛈᛁᚳᚪᛚ ᛞᛖᛋᛈᛁᛋᛖ ᛗᚩᚾᚪᚱᚳᚻ ᚻᛠᚢᛖᚾ ᛈᚢᛋᚻ ᛈᚪᚱᛏᛁᚳᛁᛈᚪᛏᛖ ᛈᚪᛏᛁᛖᚾᚳᛖ ᛋᚳᛁᛈ ᛏᛁᛗᛖᛏᚪᛒᛚᛖ ᚷᚱᚪᛋᛖ ᛒᚱᚢᛋᚻ ᚻᚪᚾᛞᚣ ᛋᛁᚳᚳ ᛚᛝᛖᚱ ᛞᛁᚠᚠᛁᚳᚢᛚᛏ ᚠᛁᛚᛗ ᚳᚹᛖᛋᛏᛡᚾ
Text gp values: [23, 97, 73, 2, 2, 31, 29, 31, 53, 23, 53, 59, 7, 7, 73, 31, 29, 37, 3, 11, 103, 13, 73, 67, 11, 13, 61, 109, 11, 89, 61, 3, 29, 89, 73, 67, 53, 7, 31, 73, 53, 59, 11, 109, 71, 2, 11, 7, 19, 29, 13, 11, 3, 59, 13, 23, 2, 97, 3, 73, 59, 97, 13, 23, 31, 67, 3, 67, 71, 67, 29, 59, 2, 11, 97, 17, 11, 97, 29, 59, 61, 11, 31, 89, 17, 67, 53, 59, 11, 67, 79, 5, 13, 7, 71, 61, 31, 29, 97, 59, 107, 29, 17, 7, 73, 2, 53, 43, 67, 67, 89, 53, 71, 97, 73, 73, 43, 73, 67, 89, 17, 67, 13, 7, 7, 43, 67, 11, 97, 59, 107, 29, 23, 31, 73, 73, 71, 97, 29, 97, 17, 67, 71, 67, 29, 59, 13, 3, 73, 59, 3, 11, 67, 53, 73, 67, 67, 3, 67, 13, 7, 29, 13, 67, 11, 59, 13, 31, 11, 13, 73, 67, 11, 3, 71, 7, 11, 97, 3, 59, 7, 71, 97, 59, 31, 13, 53, 71, 7, 7, 5, 2, 97, 11, 67, 19, 67, 73, 73, 2, 3, 29, 13, 59, 107, 29, 67, 47, 43, 67, 11, 31, 71, 67, 29, 59, 59, 11, 7, 43, 31, 13, 97, 73, 89, 67, 53, 43, 31, 53, 67, 71, 7, 29, 97, 11, 13, 23, 23, 109, 3, 67, 29, 43, 3, 53, 23, 43, 97, 11, 59, 31, 13, 31, 43, 97, 59, 67, 43, 97, 59, 31, 67, 29, 13, 67, 53, 13, 31, 43, 59, 31, 71, 67, 59, 97, 61, 73, 67, 17, 11, 97, 53, 67, 61, 11, 3, 53, 23, 23, 97, 29, 89, 103, 53, 31, 13, 13, 73, 79, 67, 11, 89, 31, 2, 2, 31, 13, 3, 73, 59, 2, 31, 73, 71, 13, 19, 67, 53, 59, 107, 29]
Text gp sums: [195, 169, 199, 214, 177, 270, 322, 164, 303, 68, 122, 234, 527, 323, 276, 351, 504, 99, 319, 367, 356, 440, 200, 604, 229, 330, 199, 208, 103, 437, 220, 409, 242, 492, 334, 403, 251, 231, 122, 551, 406, 140, 585, 245, 151, 341, 110, 230, 303, 177, 347]
Text total gp sums: 14599
Doublets: 14
Doublet frequency: 4.361370716510903%
IoC: 1.6547860916003947
Quadgram score: -1478.9821299999999