Word count: 25
Number of letters: 85
Text in indices: [25, 11, 22, 15, 4, 19, 26, 20, 3, 8, 3, 25, 5, 2, 6, 7, 7, 20, 25, 14, 3, 24, 13, 19, 23, 23, 1, 6, 7, 20, 23, 9, 26, 11, 5, 0, 27, 25, 16, 13, 12, 24, 2, 5, 25, 5, 23, 0, 9, 27, 18, 0, 9, 5, 21, 4, 0, 25, 10, 4, 23, 18, 15, 26, 11, 28, 1, 21, 7, 14, 3, 19, 28, 7, 0, 4, 6, 27, 21, 4, 17, 25, 9, 1, 15]
Text in gematria english: AEJ OESR MYLOH OAE CTHGW WLAE XOAP MDDUGW L DNYJ CFIA AETPEOATH CAE CD FN IAE FNCING RF AEIRDE SYJEAUINGW XO MEAWF RGIA INGRB AENUS
Text in runes: ᚫᛄ ᛟᛋᚱ ᛗᚣᛚᚩᚻ ᚩᚫ ᚳᚦᚷᚹ ᚹᛚᚫ ᛉᚩᚪᛈ ᛗᛞᛞᚢᚷᚹ ᛚ ᛞᚾᚣᛄ ᚳᚠᛡ ᚫᛏᛈᛇᚪᚦ ᚳᚫ ᚳᛞ ᚠᚾ ᛡᛖ ᚠᚾᚳᛝ ᚱᚠ ᚫᛁᚱᛞᛖ ᛋᚣᛄᛠᚢᛝᚹ ᛉᚩ ᛗᛠᚹᚠ ᚱᚷᛡ ᛝᚱᛒ ᚫᚾᚢᛋ
Text gp values: [101, 37, 83, 53, 11, 71, 103, 73, 7, 23, 7, 101, 13, 5, 17, 19, 19, 73, 101, 47, 7, 97, 43, 71, 89, 89, 3, 17, 19, 73, 89, 29, 103, 37, 13, 2, 107, 101, 59, 43, 41, 97, 5, 13, 101, 13, 89, 2, 29, 107, 67, 2, 29, 13, 79, 11, 2, 101, 31, 11, 89, 67, 53, 103, 37, 109, 3, 79, 19, 47, 7, 71, 109, 19, 2, 11, 17, 107, 79, 11, 61, 101, 29, 3, 53]
Text gp sums: [138, 147, 277, 171, 54, 256, 194, 288, 73, 258, 143, 423, 177, 102, 31, 174, 121, 13, 299, 403, 54, 201, 156, 151, 186]
Text total gp sums: 4490
Doublets: 2
Doublet frequency: 2.380952380952381%
IoC: 0.942296918767507
Quadgram score: -22487.351209999997