Word count: 20
Number of letters: 95
Text in indices: [13, 24, 4, 24, 17, 20, 18, 20, 10, 5, 18, 2, 18, 10, 9, 15, 16, 24, 4, 16, 1, 9, 9, 18, 20, 21, 16, 3, 2, 18, 15, 1, 4, 0, 24, 5, 18, 7, 18, 19, 1, 15, 16, 15, 8, 18, 23, 3, 1, 4, 3, 7, 9, 5, 10, 4, 5, 1, 19, 0, 18, 4, 18, 9, 5, 18, 15, 0, 10, 9, 23, 2, 18, 23, 10, 1, 10, 9, 10, 16, 26, 7, 10, 2, 10, 9, 24, 9, 23, 18, 19, 18, 4, 6, 18]
Text in gematria english: PARABLE LICE THE INSTAR TUNNELING TO THE SURFACE WE MUST SHED OUR OWN CIRCUMFERENCES FIND THE DIUINITY WITHIN AND EMERGE
Text in runes: ᛈᚪᚱᚪᛒᛚᛖ ᛚᛁᚳᛖ ᚦᛖ ᛁᚾᛋᛏᚪᚱ ᛏᚢᚾᚾᛖᛚᛝ ᛏᚩ ᚦᛖ ᛋᚢᚱᚠᚪᚳᛖ ᚹᛖ ᛗᚢᛋᛏ ᛋᚻᛖᛞ ᚩᚢᚱ ᚩᚹᚾ ᚳᛁᚱᚳᚢᛗᚠᛖᚱᛖᚾᚳᛖᛋ ᚠᛁᚾᛞ ᚦᛖ ᛞᛁᚢᛁᚾᛁᛏᚣ ᚹᛁᚦᛁᚾ ᚪᚾᛞ ᛖᛗᛖᚱᚷᛖ
Text gp values: [43, 97, 11, 97, 61, 73, 67, 73, 31, 13, 67, 5, 67, 31, 29, 53, 59, 97, 11, 59, 3, 29, 29, 67, 73, 79, 59, 7, 5, 67, 53, 3, 11, 2, 97, 13, 67, 19, 67, 71, 3, 53, 59, 53, 23, 67, 89, 7, 3, 11, 7, 19, 29, 13, 31, 11, 13, 3, 71, 2, 67, 11, 67, 29, 13, 67, 53, 2, 31, 29, 89, 5, 67, 89, 31, 3, 31, 29, 31, 59, 103, 19, 31, 5, 31, 29, 97, 29, 89, 67, 71, 67, 11, 17, 67]
Text gp sums: [449, 184, 72, 280, 337, 66, 72, 246, 86, 186, 232, 21, 55, 451, 151, 72, 376, 115, 215, 300]
Text total gp sums: 3966
Doublets: 1
Doublet frequency: 1.0638297872340425%
IoC: 1.8185890257558792
Quadgram score: -389.27893